data;
set A := 1, 2, 3, 4, 5, 6, 7, 8, 9, 10, 11, 12, 13, 14, 15, 16, 17, 18, 19, 20, 21, 22, 23, 24, 25, 26, 27, 28, 29, 30, 31, 32, 33, 34, 35, 36, 37, 38, 39, 40, 41, 42, 43, 44, 45, 46, 47, 48, 49, 50, 51, 52, 53, 54, 55, 56, 57, 58, 59, 60, 61, 62, 63, 64, 65, 66, 67, 68, 69, 70, 71, 72, 73, 74, 75, 76, 77, 78, 79, 80, 81, 82, 83, 84, 85, 86, 87, 88, 89, 90, 91, 92, 93, 94, 95, 96, 97, 98, 99, 100;
param p := 12;
param dist: 1 2 3 4 5 6 7 8 9 10 11 12 13 14 15 16 17 18 19 20 21 22 23 24 25 26 27 28 29 30 31 32 33 34 35 36 37 38 39 40 41 42 43 44 45 46 47 48 49 50 51 52 53 54 55 56 57 58 59 60 61 62 63 64 65 66 67 68 69 70 71 72 73 74 75 76 77 78 79 80 81 82 83 84 85 86 87 88 89 90 91 92 93 94 95 96 97 98 99 100:=
1	101 101 101 101 101 101 101 101 101 101 101 4 101 101 4 101 101 101 101 4 1 3 101 101 101 101 101 101 101 101 101 101 3 101 101 101 101 101 101 101 101 101 101 101 101 101 101 101 101 101 101 101 101 101 101 101 101 101 101 101 101 4 101 101 101 101 101 101 101 101 101 101 101 101 101 101 1 101 101 101 3 101 101 101 101 101 101 101 101 101 101 101 101 101 101 101 1 101 101 101 
2	101 101 101 3 101 101 101 101 101 101 101 101 101 101 101 101 101 101 101 101 101 101 101 101 101 101 101 101 101 1 101 101 101 101 101 101 101 101 101 101 1 101 4 101 101 101 101 101 101 101 101 101 0 101 101 101 101 101 4 101 101 101 101 101 101 101 101 101 101 101 101 101 101 101 101 101 101 101 101 101 101 101 101 101 101 101 101 101 2 101 101 3 101 101 101 101 101 101 101 101 
3	101 101 101 101 101 101 101 101 101 101 4 101 101 101 101 101 101 101 101 101 101 101 101 101 101 101 101 101 101 101 101 0 101 101 101 101 0 0 101 101 101 101 101 101 101 101 101 101 101 101 101 101 101 3 101 101 0 101 101 101 101 101 101 101 101 101 101 101 101 101 101 0 101 101 101 0 101 101 101 101 101 101 101 101 101 101 101 101 101 101 101 101 101 101 101 101 101 101 101 101 
4	101 101 101 101 101 101 101 101 101 4 2 101 101 101 101 101 101 101 4 101 0 101 101 101 101 101 101 101 101 101 101 101 101 101 101 101 101 101 101 101 101 101 101 4 101 101 101 101 101 101 2 101 101 101 101 101 101 101 101 101 101 101 101 101 1 101 101 101 101 101 0 101 101 101 101 101 101 101 1 101 101 101 101 3 101 101 101 101 101 101 101 101 2 101 101 101 101 101 101 101 
5	101 101 101 101 2 0 101 101 101 101 101 101 101 101 101 101 101 101 101 3 101 101 101 101 101 101 101 101 101 101 101 101 101 101 101 101 2 1 101 2 101 101 101 101 101 101 101 101 101 101 101 101 101 101 101 101 101 101 0 101 101 101 101 101 101 1 101 101 101 101 101 101 101 101 2 101 101 101 101 101 101 101 101 101 101 101 101 101 101 101 101 1 101 101 101 101 101 101 101 101 
6	101 101 101 101 101 101 101 101 101 3 101 101 101 101 4 101 3 101 101 101 101 2 101 101 101 101 101 101 101 101 101 101 101 101 101 101 101 101 101 101 101 2 101 101 101 101 101 101 101 101 101 101 101 101 101 101 101 101 101 1 4 101 101 101 101 101 101 101 101 101 101 101 101 101 101 101 1 101 101 0 101 101 101 101 101 101 101 101 101 101 101 101 101 101 101 101 101 101 0 101 
7	101 0 101 101 101 101 101 101 101 101 101 101 4 4 101 101 101 101 101 101 101 101 101 101 101 101 101 101 101 101 101 101 101 101 101 101 4 101 101 101 101 101 101 101 101 101 101 101 101 101 101 101 101 101 101 101 101 101 101 101 101 101 101 101 101 101 101 1 101 101 101 101 101 101 101 101 101 101 101 101 101 101 101 101 101 101 101 101 101 101 0 101 101 101 101 101 101 101 101 101 
8	101 101 101 101 101 101 4 101 101 101 101 101 101 101 101 101 101 101 101 101 101 101 1 101 2 101 101 101 101 101 101 101 101 101 101 101 101 101 101 101 101 101 101 101 101 101 101 101 4 101 101 101 101 101 101 101 101 3 101 101 4 101 101 101 101 101 101 101 1 101 101 101 101 101 101 101 101 101 101 101 101 101 101 101 101 101 101 101 101 2 101 101 101 101 101 101 101 1 101 101 
9	101 101 101 101 101 101 101 101 101 0 101 101 101 101 101 101 101 101 101 101 101 101 101 0 101 101 2 101 101 101 101 101 2 101 101 101 101 101 101 101 101 101 101 101 101 1 101 101 101 101 101 101 101 101 101 101 101 101 101 101 101 101 101 101 101 101 101 101 101 101 101 101 101 101 101 101 101 101 2 101 101 101 101 4 101 101 101 101 101 101 101 101 101 101 101 101 101 101 101 101 
10	101 101 101 101 101 101 101 101 101 101 101 101 101 101 101 101 3 101 0 101 101 3 101 101 101 101 101 3 101 101 101 3 101 101 101 101 4 101 101 101 101 4 101 101 101 101 101 3 101 101 101 101 101 101 101 101 101 101 101 101 101 101 1 101 101 101 101 101 101 101 101 2 4 101 101 101 2 101 101 101 1 101 101 101 101 101 101 101 101 101 101 101 101 101 101 101 101 101 101 101 
11	101 101 101 1 101 101 101 2 101 101 101 101 101 101 101 101 101 101 101 101 101 101 0 101 101 101 101 101 101 101 101 101 101 101 101 101 101 101 101 101 101 101 101 101 101 101 101 101 101 101 101 101 101 101 101 101 101 101 101 101 101 101 101 101 3 101 101 101 101 3 101 101 101 101 101 0 101 101 101 101 101 101 101 101 101 101 101 101 101 101 101 101 4 101 101 101 101 101 101 1 
12	101 101 101 4 101 101 101 101 101 101 101 101 101 101 101 101 101 101 101 101 101 101 101 101 101 101 101 3 101 101 101 101 101 101 101 101 101 101 4 101 101 101 101 101 101 101 101 101 101 101 101 101 101 101 101 101 101 101 101 101 101 101 101 0 101 101 101 101 101 101 101 101 101 101 101 101 101 101 101 101 101 101 101 101 101 101 101 101 101 101 3 101 101 1 101 101 101 101 101 101 
13	101 101 101 101 101 101 1 101 101 101 101 101 101 101 101 101 101 101 101 101 101 101 101 101 0 101 101 101 101 101 101 101 101 101 101 101 101 101 1 3 101 101 101 101 101 101 101 101 3 101 101 101 101 101 101 101 101 101 101 101 4 101 101 101 101 101 101 3 101 101 101 101 3 101 101 101 101 101 101 4 4 101 101 101 101 101 101 101 101 101 101 101 101 101 101 101 101 101 101 101 
14	101 101 101 101 101 101 101 101 101 101 101 101 2 101 101 3 101 101 101 101 101 101 101 4 101 101 101 101 101 0 101 101 101 101 101 101 101 101 101 101 4 101 101 101 101 101 101 101 4 2 101 101 101 101 101 101 101 101 101 101 101 101 101 101 101 101 101 101 101 101 1 101 101 101 1 101 3 101 101 0 101 101 101 101 101 101 101 101 101 101 101 101 101 101 101 101 101 3 101 101 
15	101 101 101 101 101 1 101 101 0 101 101 101 101 0 101 101 101 101 101 101 101 101 101 101 101 101 101 2 101 101 101 101 101 101 101 101 101 101 101 101 101 4 101 0 1 101 101 101 101 101 101 101 101 101 101 101 101 101 101 101 101 101 101 101 101 101 101 101 101 101 101 101 101 101 101 101 101 101 101 101 101 101 101 101 101 101 101 101 101 101 101 101 101 101 101 101 101 101 101 101 
16	101 101 101 2 101 101 101 101 101 101 101 101 101 101 101 101 101 101 101 101 101 101 101 101 101 101 101 101 101 101 101 101 101 101 101 101 101 101 101 101 101 101 101 101 101 101 101 101 101 101 101 101 101 101 101 101 101 101 101 101 0 101 101 101 101 101 101 101 101 4 101 2 2 0 101 101 101 101 101 101 101 101 101 101 101 101 101 4 0 101 101 101 101 101 101 101 101 101 101 101 
17	101 101 101 101 101 2 2 101 101 101 0 101 101 101 101 101 101 101 101 101 2 101 101 3 101 101 101 101 101 101 1 101 101 101 101 101 101 101 101 101 101 101 101 101 101 101 101 101 101 0 101 101 101 101 101 101 101 101 101 101 101 0 0 101 101 101 101 101 101 101 101 101 101 101 101 101 101 101 101 101 3 101 3 0 101 101 4 101 101 101 101 101 101 101 101 101 1 101 101 101 
18	101 101 101 101 101 2 101 101 101 101 101 101 101 101 101 101 101 101 101 101 1 101 101 101 101 4 101 101 101 101 101 101 101 101 101 101 101 101 101 101 101 101 101 101 101 101 101 101 101 101 101 101 1 101 101 101 101 101 101 101 101 101 101 101 101 101 101 101 101 101 101 101 101 101 101 1 101 101 101 1 101 101 101 101 101 101 101 101 101 101 101 2 101 101 101 101 0 101 101 101 
19	101 101 101 101 101 0 101 101 101 101 101 101 101 101 101 101 101 101 101 101 101 101 0 101 101 101 101 101 2 101 101 101 101 101 101 101 101 101 101 101 101 4 101 101 0 101 101 101 101 101 101 101 101 101 0 101 2 101 101 101 101 101 3 101 101 101 101 101 101 101 101 101 101 101 101 101 101 101 101 101 101 101 101 4 101 101 101 101 101 101 101 3 101 101 101 101 1 101 101 2 
20	101 101 101 101 101 101 101 2 101 101 101 101 101 101 101 101 101 101 101 101 101 101 101 1 2 101 101 101 101 101 101 101 101 101 101 101 101 101 101 101 101 101 101 101 101 101 101 101 101 101 101 101 101 101 101 101 101 101 1 101 101 101 101 101 3 101 101 101 101 101 101 101 101 101 101 101 101 0 0 101 101 101 101 101 101 101 101 101 101 101 101 101 101 101 101 101 101 101 101 101 
21	101 101 101 4 101 101 101 101 101 101 4 101 101 101 101 101 101 101 101 101 101 101 0 101 101 101 101 101 101 101 101 101 101 101 101 101 101 101 101 101 101 101 101 101 101 101 101 101 101 101 101 101 101 101 101 101 101 101 101 101 101 4 101 101 3 101 101 101 2 101 101 101 101 101 101 101 101 101 101 101 101 101 101 101 101 101 101 101 101 101 101 101 101 101 101 101 101 101 101 101 
22	101 101 1 101 101 101 101 101 101 101 101 101 101 101 101 101 101 101 101 101 101 101 101 101 101 101 3 101 3 101 101 101 101 101 101 101 101 101 101 101 101 101 0 101 101 101 101 3 101 2 101 101 101 101 101 101 3 101 4 101 3 101 101 101 101 101 101 101 101 101 101 101 101 101 101 101 101 2 101 101 101 101 101 101 101 101 101 101 101 101 101 101 101 101 101 2 101 0 101 101 
23	101 101 101 101 3 101 101 101 101 101 101 101 4 101 4 101 101 101 4 2 2 101 101 101 101 101 101 101 101 101 101 101 101 101 101 101 101 101 101 101 101 101 101 101 101 101 101 101 101 101 2 101 101 101 101 101 101 101 101 101 101 101 1 101 101 101 101 101 101 101 101 101 101 101 1 101 101 101 101 101 101 4 101 101 101 101 101 101 101 101 101 101 101 101 101 101 101 101 101 101 
24	101 101 101 101 101 101 101 101 101 101 101 101 101 101 101 101 101 4 101 101 101 101 101 101 101 101 101 101 2 101 101 101 101 101 1 101 101 101 101 0 101 101 101 101 101 101 101 0 101 101 101 101 101 0 101 101 101 101 101 1 101 101 101 101 101 101 101 101 101 101 101 101 101 101 101 101 101 101 101 101 101 101 101 101 101 101 101 101 101 101 101 101 101 101 101 4 101 101 101 101 
25	101 101 101 101 101 0 101 101 101 101 101 101 101 0 101 101 101 101 101 2 101 101 101 101 101 3 101 4 101 101 101 101 101 2 101 101 4 101 101 101 101 101 101 101 101 101 101 101 101 101 101 101 101 101 101 101 101 101 101 101 101 101 101 101 101 101 101 101 101 101 101 101 101 101 101 101 101 101 101 101 101 101 101 101 101 101 101 101 101 101 101 101 101 101 101 101 101 101 101 101 
26	101 101 101 101 101 101 101 101 101 101 101 101 101 101 101 101 101 101 101 101 1 101 101 1 101 101 101 101 101 0 101 101 101 101 101 101 2 101 101 101 101 101 101 101 101 101 101 101 101 101 101 101 101 101 101 101 101 101 101 101 101 101 101 101 101 101 101 101 101 101 101 101 101 101 101 101 4 101 101 101 101 101 101 101 101 101 101 101 101 101 4 101 101 101 101 101 101 101 101 101 
27	101 101 101 101 101 101 101 101 2 101 101 101 101 101 4 101 101 101 4 101 101 101 101 101 101 4 101 101 101 101 101 4 101 4 101 101 101 101 101 101 3 101 101 101 101 101 101 101 101 2 101 101 101 101 101 101 101 101 101 101 2 2 101 101 101 101 101 101 4 101 101 101 101 101 101 101 101 101 101 101 0 101 101 101 101 1 101 101 2 101 101 101 101 101 2 101 101 101 101 101 
28	101 101 101 3 101 101 101 101 101 101 101 101 101 101 2 101 101 101 101 101 101 101 101 101 101 3 101 101 101 101 101 101 101 101 0 101 101 101 101 101 101 101 101 101 101 101 101 101 101 101 101 101 101 0 101 101 4 101 101 101 101 101 101 101 3 101 101 101 4 101 101 101 101 2 101 101 101 101 101 2 4 101 101 101 101 101 101 101 101 101 101 101 101 101 101 101 101 101 101 3 
29	101 101 101 101 101 101 101 101 101 101 101 101 101 101 101 101 101 101 101 101 101 101 4 101 101 3 101 1 101 101 101 101 101 101 101 101 101 101 101 101 101 101 101 101 101 101 101 101 101 101 101 101 101 101 101 101 101 101 101 101 101 101 101 101 101 101 3 101 101 101 101 101 101 101 101 101 101 101 101 101 101 0 101 101 101 101 101 101 101 101 101 101 101 101 101 101 101 101 2 101 
30	101 101 101 101 101 4 101 101 101 101 3 101 101 101 101 101 101 101 101 1 101 101 101 101 101 101 101 101 101 101 101 101 101 101 101 101 101 101 101 101 101 101 101 101 101 101 101 101 101 101 101 101 2 101 101 101 101 101 101 101 101 101 101 101 101 3 101 101 101 101 101 101 101 101 101 4 101 101 101 101 101 101 101 101 101 101 101 101 101 4 101 101 3 101 101 101 101 101 101 101 
31	101 101 4 101 101 101 101 101 0 101 101 101 1 101 101 0 101 2 101 4 101 101 101 101 101 101 101 101 101 101 4 101 101 101 1 101 101 101 101 4 101 101 101 101 101 101 101 101 101 101 1 101 101 101 101 101 101 101 101 101 101 101 101 101 101 1 101 101 101 101 101 101 101 101 1 101 1 101 101 101 101 101 101 101 101 101 101 101 101 101 101 101 101 3 101 101 101 101 2 101 
32	101 101 101 101 101 101 101 101 101 101 101 101 101 101 101 101 101 101 101 101 101 101 101 3 101 0 101 101 101 101 101 101 101 101 3 101 101 101 101 101 101 101 101 101 101 101 101 101 101 101 1 101 101 101 101 101 101 101 101 101 101 101 101 101 101 101 1 1 101 101 101 101 101 101 101 101 101 101 101 101 101 101 101 4 101 101 101 101 1 2 101 101 101 101 101 101 101 101 0 101 
33	101 101 101 101 101 101 101 101 101 101 101 101 101 101 0 101 101 101 101 101 101 101 101 101 101 101 0 3 101 101 3 101 101 101 101 101 101 101 101 101 101 101 101 101 101 101 101 101 101 101 101 101 101 101 1 101 101 101 3 101 101 101 101 101 0 101 101 2 101 101 101 2 101 101 101 101 101 101 101 101 101 3 101 101 101 101 3 101 101 101 101 101 101 101 101 101 0 101 101 101 
34	101 101 101 101 101 101 101 101 0 0 101 101 101 101 101 0 101 101 101 101 101 101 101 101 101 101 101 3 101 101 101 101 101 0 101 101 101 101 101 101 101 101 101 101 101 4 101 101 1 101 101 101 101 2 101 101 4 101 101 101 101 101 101 101 101 1 101 101 101 101 101 101 101 101 101 101 0 101 101 4 101 101 101 101 101 101 101 101 101 101 101 101 101 101 4 4 101 101 1 101 
35	101 101 101 101 101 101 101 101 101 101 101 101 101 101 101 101 1 101 101 101 101 101 101 101 101 101 101 101 101 101 101 101 101 101 101 101 101 101 101 101 101 101 4 101 101 2 101 101 101 101 101 101 101 101 101 101 101 101 101 101 101 101 101 101 101 101 101 101 101 101 101 101 0 101 101 101 101 2 101 101 2 101 101 101 101 0 101 101 101 101 101 101 101 101 101 101 101 101 101 101 
36	3 101 3 101 101 101 101 101 101 101 101 101 101 101 101 101 101 4 101 101 101 3 101 101 0 101 0 101 101 101 101 2 101 1 4 101 101 101 101 101 101 101 101 0 101 101 101 101 101 101 101 101 101 101 101 101 101 101 101 101 101 101 101 101 101 101 101 101 3 101 101 101 101 101 101 101 101 101 101 101 101 101 101 101 101 3 101 101 101 101 101 101 101 101 0 101 101 101 101 101 
37	101 101 101 2 101 101 101 101 3 101 101 101 101 101 101 101 101 4 101 4 101 101 101 101 101 101 101 101 101 101 101 101 101 101 101 101 101 101 101 101 101 101 101 101 101 101 101 101 0 101 101 1 101 101 3 101 101 101 101 101 101 101 101 101 101 101 101 101 101 101 0 101 101 101 101 101 101 101 101 101 101 101 101 101 101 101 0 101 1 101 101 1 101 101 101 101 101 101 101 101 
38	101 101 101 101 101 101 101 101 101 101 101 101 101 101 101 101 101 101 101 101 101 101 101 101 101 101 101 101 101 101 101 101 101 101 3 101 101 101 101 101 101 101 3 101 101 101 101 0 101 101 101 101 101 101 101 101 101 101 4 101 101 101 101 101 101 101 101 1 101 4 101 101 3 101 2 101 101 101 2 101 101 101 101 101 3 101 101 101 2 101 2 101 101 101 101 101 101 101 101 101 
39	101 101 101 101 101 101 101 101 101 101 101 101 101 101 101 2 101 101 1 101 101 101 2 101 101 101 101 101 4 101 101 101 0 1 101 101 101 101 101 101 2 101 101 101 101 101 101 101 101 101 101 0 101 3 101 101 101 101 101 101 101 101 101 101 101 101 101 101 101 101 101 101 101 101 101 101 101 101 101 101 101 4 101 101 101 101 101 1 101 101 101 101 101 101 101 101 101 101 101 2 
40	101 0 101 101 101 101 101 3 101 101 101 101 101 101 101 101 101 4 101 101 101 101 3 101 101 101 101 101 101 101 101 101 101 101 101 101 101 101 101 1 101 101 101 101 101 101 101 101 101 101 101 3 2 101 101 101 101 101 101 101 101 101 101 101 101 101 3 101 101 4 101 101 101 101 101 4 101 0 101 101 101 101 101 101 101 101 101 101 101 101 101 2 101 101 101 101 101 101 101 101 
41	101 101 101 101 4 101 101 101 101 101 101 101 101 101 101 101 101 101 101 3 101 101 101 3 101 101 4 101 101 101 101 101 101 101 101 101 101 101 101 101 101 101 101 101 101 101 101 101 101 2 101 101 101 4 101 101 101 101 3 101 101 101 101 101 101 101 101 0 101 101 101 101 101 101 2 101 101 101 101 0 101 101 101 101 101 101 101 101 101 101 101 101 101 3 101 101 101 101 101 101 
42	101 3 4 101 1 101 101 101 101 101 101 101 101 101 101 101 101 101 101 101 101 101 101 101 101 101 101 101 101 101 4 101 101 101 101 1 2 2 101 101 101 1 101 101 2 3 101 101 101 101 101 101 101 101 3 101 101 3 101 101 101 101 101 101 101 101 101 101 101 101 1 101 101 101 101 101 101 101 101 101 101 101 0 101 101 101 101 101 101 101 101 101 101 101 101 101 101 101 101 101 
43	1 101 101 101 1 101 101 101 101 101 101 101 101 101 101 101 101 101 101 101 101 101 101 101 101 101 101 101 101 101 0 101 101 101 101 101 101 101 101 101 101 101 3 101 101 101 101 101 101 101 101 101 101 101 101 101 101 101 101 101 101 101 101 4 101 101 101 101 101 101 101 101 101 101 101 101 101 101 101 101 101 101 101 101 101 101 101 101 101 101 101 101 101 101 4 101 101 101 101 101 
44	101 101 101 101 101 1 1 101 101 101 101 4 101 101 101 101 101 101 101 101 101 101 101 101 101 101 101 101 4 101 101 101 2 101 101 101 101 0 1 101 101 101 101 0 4 101 101 101 101 101 101 101 101 101 101 1 101 101 101 101 101 101 101 101 101 101 101 101 101 101 101 101 101 2 101 101 101 101 101 101 101 101 101 101 101 101 101 101 101 101 101 101 101 4 101 101 101 101 101 2 
45	1 101 101 101 101 101 101 101 101 101 101 101 101 101 4 101 101 101 101 101 101 101 101 101 101 101 101 101 101 101 101 101 101 101 101 101 101 101 101 101 101 101 101 101 101 101 101 101 101 101 101 101 101 101 1 101 101 101 101 101 101 101 101 101 101 101 101 101 101 101 101 101 1 101 101 101 101 101 2 101 101 101 101 101 101 101 101 101 101 101 101 101 101 101 101 101 101 101 101 101 
46	101 101 101 101 101 101 101 101 101 101 1 4 101 101 101 101 101 101 101 101 101 101 101 101 101 101 101 101 101 101 101 101 101 2 2 101 101 101 101 101 101 101 2 101 101 101 101 101 101 101 101 0 101 101 101 101 101 1 101 101 101 101 101 101 101 101 101 101 101 101 101 101 101 3 101 101 101 101 101 101 101 101 101 101 101 101 101 3 101 101 101 101 101 101 101 101 101 1 101 101 
47	101 101 101 101 101 101 101 101 101 101 101 0 101 2 3 101 101 101 101 4 101 101 101 101 101 101 101 101 4 2 101 101 101 101 101 101 4 101 101 101 4 101 101 101 101 101 101 101 101 101 101 101 101 101 3 2 101 101 101 101 101 101 101 101 101 101 101 101 101 101 2 101 101 101 101 1 101 101 101 101 101 101 101 101 101 101 101 101 101 101 101 101 101 101 101 101 101 101 101 101 
48	101 101 101 101 101 101 0 2 101 101 101 101 101 101 101 101 101 101 101 101 2 3 101 101 101 101 101 101 101 101 3 101 101 101 101 101 101 101 101 101 101 101 101 101 101 101 101 101 101 101 4 101 101 101 101 101 101 101 101 101 101 101 101 101 101 0 101 101 101 101 2 101 101 101 0 101 101 101 101 101 101 101 101 101 101 101 101 101 101 101 101 101 101 101 101 101 101 101 101 101 
49	101 101 4 101 101 101 3 101 101 101 101 101 101 101 101 101 101 101 101 101 101 101 101 101 101 101 101 101 101 1 101 101 101 101 101 101 101 101 0 101 101 101 101 101 101 101 101 101 101 101 3 0 101 101 101 101 101 101 101 101 101 101 101 101 101 101 101 101 3 101 101 101 3 101 101 101 101 101 101 101 101 101 101 101 2 101 101 101 101 101 101 101 101 101 101 101 101 101 101 2 
50	101 101 101 101 101 101 101 101 101 101 101 101 101 0 101 101 2 101 2 4 0 101 101 101 3 101 101 101 101 101 101 101 101 101 101 101 101 101 4 101 101 1 101 1 3 101 101 101 101 101 101 101 101 101 101 101 101 101 101 101 101 101 101 101 101 101 101 101 101 2 101 101 101 101 101 101 101 101 1 101 101 101 101 101 3 101 101 101 101 3 101 101 101 101 101 2 101 101 101 101 
51	1 101 101 101 101 101 101 101 101 101 101 101 101 101 101 101 101 101 101 101 101 101 101 101 101 101 101 101 101 101 101 101 101 0 101 101 101 1 101 101 101 101 101 101 101 101 101 0 101 101 101 101 4 101 101 101 101 101 101 101 101 101 1 101 101 3 101 101 101 101 101 101 101 3 101 101 101 101 101 101 101 2 101 101 101 101 3 101 101 101 101 101 3 101 101 101 101 101 101 2 
52	101 101 101 101 101 101 101 101 101 101 101 101 101 101 101 101 101 101 101 101 0 2 101 101 101 101 101 101 101 101 101 101 101 101 101 1 101 101 101 101 101 101 101 101 2 101 101 101 101 101 101 4 101 3 101 101 101 101 0 101 101 101 101 101 0 101 101 101 3 2 101 101 101 101 101 101 101 3 101 101 101 101 4 101 101 101 101 101 101 101 101 101 101 101 101 101 101 101 101 101 
53	101 101 101 101 101 101 101 101 101 101 3 101 101 101 101 101 101 101 101 101 101 101 101 101 101 101 1 101 101 101 101 2 101 101 101 2 101 101 101 101 101 101 101 1 101 101 101 101 101 101 101 101 101 101 101 2 101 1 101 101 101 101 101 101 101 101 101 101 101 101 101 1 101 101 101 101 101 101 101 101 101 101 101 101 101 3 101 101 101 101 101 101 101 101 101 101 101 101 101 101 
54	101 0 101 101 101 101 101 4 101 101 101 101 101 101 101 101 101 101 101 101 101 101 101 101 101 101 101 101 101 0 101 101 101 101 101 101 101 101 101 101 101 101 101 101 101 101 1 101 101 101 101 101 101 101 101 101 101 101 101 101 101 101 101 101 101 101 101 101 101 101 101 101 101 101 101 101 101 101 101 101 101 101 101 101 101 101 101 101 0 101 4 2 101 101 101 101 101 101 101 101 
55	101 101 101 101 101 101 101 0 101 3 101 101 101 101 101 101 101 101 101 101 101 101 1 101 101 101 101 101 101 101 101 101 101 101 101 101 101 101 101 101 101 101 101 101 101 101 101 101 101 101 0 101 101 101 101 101 101 101 101 101 101 101 2 101 101 101 101 101 101 101 101 101 101 101 101 101 101 101 101 101 101 101 101 101 101 4 101 4 101 101 101 101 101 3 101 3 101 101 2 101 
56	101 3 101 101 101 101 101 101 101 101 101 101 101 101 101 101 101 101 101 101 101 101 101 101 101 101 101 101 101 101 101 101 101 101 101 101 101 101 101 101 4 101 101 101 101 101 101 0 101 101 101 101 101 101 0 101 101 101 101 4 3 101 101 0 101 101 101 101 101 101 101 101 101 101 101 101 101 101 101 101 101 4 4 101 1 101 101 101 0 101 1 101 2 101 101 101 101 101 101 0 
57	101 101 101 101 3 3 101 101 101 101 101 101 101 101 101 101 101 101 101 101 101 101 101 101 101 101 101 101 101 4 101 101 101 101 101 101 101 101 101 101 101 101 101 101 101 101 101 101 101 101 101 101 101 101 101 101 101 101 101 101 101 101 101 101 101 101 101 101 4 3 101 101 2 101 101 101 101 101 101 101 101 101 101 101 101 101 101 101 101 101 101 2 3 101 101 101 101 101 101 101 
58	101 101 101 101 101 101 101 101 101 101 101 101 101 101 101 101 101 101 101 101 101 101 101 101 101 101 101 101 101 101 101 101 101 101 101 101 101 101 101 101 101 101 101 2 101 101 101 4 101 101 101 101 101 101 101 101 101 101 101 101 101 101 2 0 1 101 101 0 101 101 101 101 101 101 101 101 101 101 101 101 101 101 101 101 101 101 101 101 101 101 101 101 101 101 101 101 1 101 101 101 
59	2 101 101 101 101 101 101 101 101 101 1 101 101 101 101 101 101 2 101 101 101 101 101 101 101 101 101 101 101 101 4 1 101 101 4 101 101 101 101 101 101 101 101 101 101 101 101 101 101 101 101 101 101 101 101 101 3 1 101 101 101 101 101 0 101 101 101 101 101 101 101 101 101 101 101 101 101 101 101 101 3 101 101 2 101 0 101 3 101 101 101 101 101 0 101 101 101 101 3 101 
60	101 101 101 101 101 101 101 101 101 101 101 101 101 101 101 0 4 101 101 101 101 101 101 101 101 101 101 2 101 101 101 1 101 101 101 101 101 101 101 101 101 4 101 101 101 101 101 3 101 101 101 101 101 101 101 101 101 101 101 101 101 101 101 101 101 101 101 101 101 101 101 101 101 101 101 101 101 101 101 101 101 101 101 101 101 101 2 101 101 101 101 101 101 101 3 101 101 4 101 101 
61	101 101 101 101 101 101 101 101 101 3 101 101 101 101 101 101 101 1 101 101 2 3 101 101 101 101 101 101 101 101 101 101 101 101 101 101 101 4 101 101 101 101 101 101 101 101 2 101 101 101 101 101 101 101 101 101 101 3 101 101 101 101 101 101 101 101 0 101 101 101 101 101 101 101 101 101 101 101 101 101 101 101 101 101 101 101 101 101 101 101 101 101 101 101 101 101 101 101 101 101 
62	3 101 101 101 101 101 101 101 101 101 101 101 101 101 101 101 101 101 101 101 101 101 101 101 0 2 101 101 101 101 101 101 0 101 101 4 101 101 101 101 101 3 101 101 101 101 4 101 101 3 101 101 101 101 101 101 101 101 101 101 4 101 101 101 101 3 101 101 101 3 101 101 101 101 101 101 101 101 101 101 101 101 101 101 101 2 101 101 101 101 101 101 101 101 101 101 1 101 101 101 
63	101 101 101 101 101 101 101 101 101 1 101 101 101 2 101 101 101 101 101 101 101 4 101 101 0 101 101 101 101 4 101 2 101 101 101 2 101 101 101 101 101 101 101 101 101 101 1 101 3 0 101 4 101 101 101 101 101 101 101 3 2 101 101 101 101 101 101 101 101 101 101 101 101 101 101 101 101 101 101 101 101 101 101 101 101 101 101 101 101 101 101 101 2 101 101 101 101 101 101 101 
64	101 101 4 2 101 101 101 101 101 101 101 101 101 101 101 101 101 101 101 101 101 101 101 101 101 2 101 101 101 101 101 101 101 4 101 101 101 101 101 101 101 101 0 101 101 101 101 101 4 101 0 101 101 101 101 101 101 101 101 101 101 101 101 101 101 101 101 101 101 101 101 101 101 101 101 101 101 101 101 101 101 0 101 2 4 101 0 101 3 101 101 101 101 101 101 101 101 0 101 101 
65	101 101 101 101 101 101 101 3 101 101 101 101 101 101 101 101 101 101 101 101 101 101 101 101 101 3 101 101 101 101 101 101 101 101 101 101 101 101 101 101 101 101 101 101 101 101 101 101 101 101 101 101 101 101 101 3 101 101 101 101 101 101 101 101 101 101 101 101 101 101 101 101 101 101 101 101 101 101 101 101 101 101 101 101 101 101 101 101 101 101 101 101 101 101 101 101 1 101 101 101 
66	101 101 101 101 101 101 101 101 101 101 101 101 101 101 101 101 101 101 101 101 101 101 101 101 101 101 101 101 101 101 4 101 101 101 101 0 101 101 101 101 101 101 101 101 101 101 101 101 101 101 2 101 101 101 101 101 101 101 101 101 101 101 101 101 101 101 101 101 101 101 101 101 101 101 101 2 101 101 101 101 101 101 101 101 101 101 101 101 101 101 101 101 2 3 101 101 101 101 101 101 
67	101 101 101 3 101 101 101 101 101 101 101 101 101 101 101 101 101 101 101 101 101 1 101 101 101 101 101 101 101 101 101 101 101 101 101 101 101 101 3 2 101 101 101 101 101 101 101 101 101 101 101 101 101 101 101 3 101 101 101 101 101 101 101 101 101 101 101 4 101 101 101 101 101 101 1 101 101 101 101 101 101 101 101 4 101 101 4 101 101 4 101 101 101 4 101 101 101 101 101 101 
68	101 101 101 101 101 101 101 101 101 101 101 1 101 101 101 4 101 101 101 101 101 101 101 101 101 101 101 101 101 101 101 101 101 101 101 101 101 101 101 101 101 101 101 101 3 101 0 101 101 101 101 101 101 3 101 101 101 3 101 3 101 101 101 101 101 101 101 101 101 101 4 101 101 101 0 101 101 101 101 101 101 101 101 101 101 101 0 4 101 101 2 101 101 101 101 101 101 101 101 101 
69	101 101 101 101 101 101 101 2 2 1 101 0 0 101 101 101 101 101 101 101 101 101 101 3 101 101 101 101 101 101 101 101 101 101 101 101 101 101 0 101 101 1 1 101 101 101 101 101 101 101 101 101 101 101 101 101 101 101 101 101 101 101 101 1 101 101 101 101 101 101 101 101 101 101 101 101 101 101 101 101 101 101 101 101 0 101 101 101 101 3 101 101 101 101 101 101 101 101 101 101 
70	101 101 101 101 101 101 101 101 101 101 101 101 101 101 101 101 101 101 101 101 101 101 101 101 101 101 101 101 101 101 101 101 101 101 101 101 0 101 101 101 101 101 101 101 0 101 101 101 101 101 101 101 101 101 101 101 101 101 101 101 101 101 101 101 101 101 101 4 101 101 101 101 101 2 101 101 101 101 101 101 101 101 101 101 101 101 101 101 101 101 101 101 101 101 101 101 101 101 1 101 
71	101 1 101 101 101 101 101 101 101 101 101 101 101 101 101 101 101 101 101 101 101 101 101 101 101 101 1 101 101 101 101 101 101 101 101 101 101 101 4 101 101 101 101 101 101 101 101 101 101 101 101 101 101 101 101 101 101 101 101 0 101 101 101 101 101 101 101 101 101 101 4 101 3 101 101 101 101 101 101 0 101 101 3 101 101 101 101 101 101 101 101 101 101 101 101 101 101 101 101 101 
72	101 101 101 101 101 101 101 101 101 101 101 101 101 101 101 101 101 101 101 101 101 101 101 101 101 0 3 101 101 101 101 101 101 101 101 101 101 101 101 101 3 101 101 101 101 101 101 101 101 101 101 101 0 1 101 101 101 101 101 101 101 101 101 101 101 101 101 101 101 101 101 101 101 101 101 0 101 101 101 1 101 101 101 101 101 101 101 101 101 101 101 101 101 101 101 101 101 101 101 101 
73	101 101 101 101 101 101 101 101 3 101 101 101 101 4 101 101 101 4 101 101 101 101 0 4 101 101 101 101 101 101 101 101 1 101 101 101 101 101 101 101 101 101 101 101 101 101 101 101 101 101 101 101 101 101 101 101 2 101 101 101 101 101 101 101 101 101 101 101 101 101 101 101 101 101 101 101 0 101 101 101 101 101 101 101 101 101 101 4 101 101 101 101 4 101 101 101 101 101 1 101 
74	101 101 101 101 101 101 101 101 101 101 101 101 101 101 101 101 101 101 101 101 101 101 101 101 101 101 101 101 101 3 1 101 101 101 3 101 101 101 4 3 3 101 101 101 101 101 1 101 101 2 101 101 3 101 101 3 101 101 101 101 101 101 101 101 101 101 0 101 101 101 101 101 101 101 101 4 101 101 101 101 101 101 101 101 101 101 101 3 101 101 101 101 101 101 101 101 101 101 101 101 
75	101 101 101 101 101 101 101 101 101 101 101 101 101 101 101 101 1 101 101 101 101 101 101 101 101 101 101 101 101 101 101 101 101 101 101 101 101 4 101 101 101 101 101 101 101 101 4 101 101 101 101 101 101 101 101 101 101 101 101 101 101 101 101 1 101 101 4 101 101 101 101 1 101 101 101 101 101 101 101 101 101 101 101 101 1 101 101 101 101 101 101 101 101 101 101 101 101 101 1 101 
76	101 101 101 101 101 101 101 101 101 101 101 101 101 101 4 101 101 101 101 101 101 101 101 101 101 101 101 101 101 101 101 101 101 101 101 101 101 101 101 101 101 101 101 101 101 101 101 1 101 1 101 101 101 101 101 101 101 101 101 101 101 101 101 101 101 4 101 101 101 101 101 101 101 4 101 101 101 101 101 101 101 101 2 101 101 101 101 101 101 101 101 101 101 101 101 101 101 101 101 101 
77	4 101 101 101 101 101 101 101 0 1 101 101 101 101 101 101 0 101 101 101 101 101 101 101 101 101 101 101 101 101 101 101 101 101 101 101 101 101 101 101 101 101 3 101 101 0 101 101 101 101 101 101 101 101 101 101 101 101 101 101 101 2 101 101 101 101 101 101 101 101 101 101 101 0 101 101 101 3 101 101 101 101 101 1 101 101 101 101 101 101 101 101 101 101 101 101 101 101 101 101 
78	101 0 101 101 4 101 101 101 101 101 101 101 3 4 101 101 101 101 101 101 101 101 101 101 101 101 101 1 101 101 101 101 101 101 101 101 101 101 101 101 101 101 101 101 101 101 101 4 101 101 101 1 101 101 101 101 101 101 101 3 101 101 101 101 101 101 3 101 4 101 101 101 101 101 101 101 101 101 101 101 101 4 101 101 101 101 101 101 101 101 1 101 101 101 101 0 101 101 101 101 
79	101 101 101 101 101 101 101 101 101 101 101 101 101 101 101 101 101 101 101 101 101 101 101 101 101 101 3 101 101 101 101 101 101 101 101 101 101 4 101 101 101 101 101 101 101 101 101 101 101 101 101 101 101 101 101 101 101 101 101 101 101 0 101 3 101 101 2 101 101 101 101 101 101 101 101 101 101 2 101 101 101 101 101 101 101 101 101 101 101 101 101 101 101 101 3 101 101 101 101 101 
80	101 101 101 101 101 101 101 101 101 101 101 101 101 101 101 101 101 101 101 101 101 101 101 101 3 101 101 101 101 101 101 101 101 101 101 1 101 101 101 1 101 101 101 101 101 101 101 101 101 101 101 0 101 101 101 101 101 2 101 101 101 101 2 101 101 101 101 101 101 101 101 101 101 101 101 101 101 101 101 2 101 4 101 101 101 101 101 101 101 101 101 101 101 101 101 4 2 101 101 3 
81	101 1 101 101 101 4 101 101 0 101 101 101 101 101 101 101 101 101 101 101 101 3 101 101 101 101 101 101 101 101 101 101 101 101 101 101 101 1 101 101 101 101 101 101 101 101 101 101 101 101 101 101 101 101 101 2 101 101 101 101 101 101 101 101 101 101 101 101 101 101 101 101 101 101 3 101 101 101 101 101 101 101 101 101 101 101 101 101 101 101 101 101 101 101 4 4 101 0 101 101 
82	101 101 4 0 101 101 101 101 101 101 101 101 1 101 2 101 101 101 101 101 101 101 101 101 101 101 101 101 3 101 101 101 101 2 101 101 101 101 101 101 101 101 101 101 1 4 101 101 101 101 101 101 1 101 101 101 101 101 101 101 101 101 101 101 101 2 101 101 3 101 101 0 101 101 101 101 101 101 101 101 101 101 101 101 3 101 101 101 101 101 101 101 101 101 101 101 101 0 101 101 
83	101 101 101 101 101 101 101 101 101 101 101 101 101 101 101 101 101 101 101 101 101 101 101 101 101 101 101 101 101 101 101 101 101 101 101 101 101 101 101 101 101 101 101 101 101 101 101 101 101 101 101 101 101 101 101 101 101 101 101 4 101 101 101 101 101 101 101 101 101 101 101 101 101 101 101 101 2 1 101 101 101 101 101 101 101 2 101 101 101 101 4 101 101 101 101 101 101 101 101 101 
84	101 101 101 101 101 101 101 4 101 101 101 101 101 2 101 4 101 101 101 101 101 101 101 101 1 101 101 101 101 101 101 101 101 101 101 101 101 4 101 2 101 101 101 101 0 101 101 101 101 101 0 101 101 101 101 2 101 101 101 101 101 101 101 101 101 101 101 3 101 101 101 101 101 101 101 101 101 101 101 101 1 101 101 101 101 4 101 101 101 101 101 101 101 101 101 101 101 101 101 101 
85	1 101 101 101 1 101 3 101 101 101 101 101 101 101 101 101 1 101 101 101 101 101 101 101 101 101 101 101 101 101 101 101 101 101 101 101 101 101 101 101 101 101 101 101 101 101 101 101 101 101 101 101 2 101 3 101 101 101 101 101 101 101 4 101 101 101 1 101 101 101 101 101 1 101 101 2 101 101 2 101 101 101 101 1 101 101 101 101 101 101 101 101 101 2 101 101 101 101 101 101 
86	101 101 101 101 0 101 101 101 101 101 101 101 4 101 101 101 101 0 101 101 101 101 101 101 101 101 101 101 3 101 101 101 2 101 101 101 101 101 101 101 101 101 4 101 101 101 101 101 101 101 101 101 101 101 101 101 2 101 101 101 101 101 101 101 0 101 101 101 101 101 0 101 101 101 101 101 101 101 101 101 101 101 2 101 101 101 101 101 101 101 101 101 101 101 101 101 0 101 101 101 
87	101 101 101 101 101 101 101 101 101 101 101 4 101 101 101 101 3 101 101 101 101 101 101 101 101 101 101 101 101 101 101 101 101 101 101 101 101 101 101 101 101 101 101 101 101 101 101 101 101 101 101 101 101 101 101 101 101 101 1 101 101 101 101 101 101 101 101 101 101 101 101 101 101 101 101 101 101 101 101 101 101 101 3 101 3 101 101 0 101 1 101 1 101 101 101 101 101 101 101 101 
88	101 101 101 101 101 101 2 101 101 101 3 101 101 101 101 101 101 101 1 101 101 101 101 101 101 101 101 101 101 101 3 1 101 101 101 101 4 101 101 101 101 101 101 101 101 101 0 101 101 101 101 101 101 101 101 101 101 101 1 101 101 101 101 101 101 101 101 101 101 101 101 101 101 101 101 101 101 3 101 101 101 101 101 101 101 101 101 101 101 101 101 101 101 101 101 101 101 101 101 101 
89	101 101 4 101 101 101 101 101 101 101 101 101 101 101 101 0 101 101 101 101 101 101 101 101 101 101 2 101 101 101 101 101 101 101 101 101 101 101 101 101 1 101 101 101 101 0 4 101 101 4 101 101 101 101 101 101 101 101 101 101 101 101 101 0 101 101 101 101 101 101 101 101 101 2 101 101 3 101 101 101 101 101 101 101 101 101 101 101 101 101 101 101 101 101 101 101 101 101 101 101 
90	1 2 101 101 4 101 101 101 101 101 101 101 101 101 101 101 1 101 101 101 101 101 101 101 101 101 101 101 101 101 101 101 101 4 101 2 101 101 101 101 101 101 101 101 101 101 101 101 101 101 101 101 101 101 101 101 101 101 101 0 101 101 101 101 1 101 101 101 101 101 101 101 101 101 101 101 101 101 1 101 2 101 101 101 101 101 101 101 101 101 101 101 101 101 3 101 101 2 101 101 
91	101 101 1 101 101 101 101 1 101 101 101 1 101 101 101 101 101 4 3 101 101 101 101 101 0 101 101 101 101 101 101 101 2 101 101 101 101 101 101 101 101 101 101 101 101 101 101 101 3 101 101 101 101 101 101 101 101 2 101 101 101 101 101 4 101 3 101 101 101 101 101 101 101 101 101 101 101 2 101 101 101 0 101 101 101 101 3 101 101 101 101 101 101 101 101 101 101 0 101 101 
92	101 101 4 101 101 101 101 101 101 101 1 101 101 101 101 101 101 101 101 101 101 101 101 101 101 101 101 101 101 0 101 101 101 101 101 0 101 101 4 101 3 101 101 101 101 101 101 101 101 101 101 101 101 101 101 101 101 101 101 101 4 0 101 101 101 101 101 101 101 101 101 101 101 101 101 101 101 101 101 101 101 101 3 101 1 101 3 101 101 4 101 101 101 0 101 101 101 101 101 101 
93	101 101 101 101 101 101 101 101 101 101 101 101 101 101 101 101 101 101 101 101 101 101 101 1 101 101 101 3 4 101 101 4 101 101 101 101 101 101 101 101 101 101 101 0 101 101 101 101 101 101 101 101 101 2 2 3 101 101 101 101 101 101 101 101 101 101 101 101 101 101 101 4 101 101 101 101 101 101 4 101 101 101 101 101 101 101 101 101 101 3 101 2 2 101 101 101 101 101 101 101 
94	101 101 101 101 101 101 0 101 101 0 101 101 101 101 101 1 101 101 101 101 101 101 101 101 101 101 101 101 2 101 101 101 101 101 101 4 101 101 101 101 101 4 101 101 101 3 101 101 3 101 101 101 101 101 101 101 101 4 101 101 101 101 101 101 101 101 101 101 101 2 101 4 101 1 101 101 101 101 101 101 101 101 101 101 101 101 101 101 101 0 101 101 101 101 101 0 101 101 101 101 
95	4 101 101 101 101 101 101 101 101 101 101 101 101 101 101 101 101 101 0 101 101 101 101 101 101 101 101 101 101 101 101 101 101 101 101 101 101 101 101 101 101 101 101 101 101 4 101 101 3 101 101 101 3 101 101 101 101 101 101 101 101 4 101 101 101 101 101 101 101 3 101 101 101 101 101 101 101 101 101 101 101 101 101 101 101 2 101 1 0 101 101 101 101 101 101 101 101 101 101 101 
96	101 101 101 101 101 101 101 101 101 101 101 1 101 3 101 101 101 101 101 101 101 101 0 101 101 101 101 101 101 101 101 101 101 101 101 101 101 101 101 101 101 101 101 101 101 101 101 101 101 101 101 101 101 101 101 4 101 101 101 101 101 101 1 101 101 101 0 101 101 101 101 101 101 101 101 101 101 101 101 101 101 101 101 101 101 101 101 101 101 101 101 101 101 101 4 2 101 101 101 0 
97	101 101 101 101 101 101 1 101 4 101 101 4 4 101 101 101 101 101 4 101 101 101 101 101 101 101 101 101 101 101 101 101 101 101 101 101 101 101 101 101 101 101 101 101 101 101 101 101 101 101 101 101 101 101 0 101 0 101 101 101 101 101 101 101 101 101 101 101 101 101 101 4 101 101 101 101 101 101 101 101 101 101 101 101 101 101 101 101 101 101 101 101 101 101 101 101 101 101 101 101 
98	101 101 101 101 101 101 101 101 101 101 101 101 0 101 101 101 101 101 101 101 101 101 101 101 101 101 101 101 101 101 101 101 0 101 101 101 101 101 101 101 101 101 101 101 101 101 101 101 101 101 101 101 101 101 101 101 101 101 101 101 101 101 101 101 101 101 101 101 101 101 0 101 101 101 101 101 101 101 101 101 101 101 101 101 101 101 101 101 101 101 101 101 101 101 101 101 101 101 101 101 
99	101 2 101 101 101 101 101 101 101 101 101 101 101 101 101 2 101 101 101 101 101 101 101 101 101 101 101 101 101 101 101 101 101 101 2 101 101 101 101 3 101 101 101 3 101 4 0 101 101 101 101 101 101 101 101 101 101 101 101 101 101 4 101 101 101 101 101 101 101 101 101 101 101 101 101 101 101 101 101 101 101 101 2 101 101 101 101 101 101 101 4 101 101 101 0 101 101 101 101 101 
100	101 101 101 101 101 101 101 101 101 101 101 101 101 101 101 101 101 101 101 101 101 101 101 101 101 101 101 101 101 101 101 101 0 101 101 101 101 101 101 101 101 101 101 2 101 101 101 101 101 101 101 4 101 101 101 101 1 101 101 2 101 1 101 101 101 101 101 101 101 101 101 101 101 101 101 101 101 101 0 101 101 101 101 101 101 101 101 101 101 101 101 101 101 101 101 101 101 101 101 101;
end;